     137      302      320
      83       82      250
     297      113      132
     105      290      124
     242       74      260
      37       36      207
      44      213       25
     234       47       66
      85      252       66
     217      199       29
     246      247       79
     235       67      253
     138      157      320
     227       59      245
     233       64      232
     321      157      138
      97      281      263
     301      117      283
      81      248       62
     311      146      310
     163      327      164
     165      164      328
     324      161      160
     293      127      108
     278      279      112
     295      111      130
     242      224       55
     202       31       12
     106      290      105
      37       18      208
     205       35       34
      19      208       18
      21      210       40
      59       60      246
     212       24       43
      44       45      232
      46      216       47
     217       47       28
      27      197        8
      65      233       46
      69      255      237
     216      198       28
     202       12       13
     235       47       48
      49      236       48
     233      251       64
     233      232       45
      85      270       84
     104      288      103
      83       84      269
     308      124      290
      85      271      270
     291      106      107
      61      247      229
     264       97       78
     245       58      227
      43      231       62
      63       82      249
      83      250      251
     250       63      232
     317      153      134
     154      335      317
     282      300      116
     156      320      157
      98       97      264
     120      304      139
     343      162      344
     154      173      335
     137      156      319
     317      134      299
     339      176      157
     173      172      335
     338      157      176
     305      141      323
     160      341      159
     306      122      288
     163      162      326
     181      180      343
     342      160      161
     306      123      307
     321      139      158
     120      285      101
     267       81      249
     284       99      100
     102      268      269
     122      306      305
     124      307      289
     142      161      324
     310      146      328
     143      162      325
     127      311      310
     291      309      125
     312      294      129
     291      126      309
     165      328      146
     310      145      309
     126      310      309
     345      182      344
     145      328      164
     164      327      145
     348      167      186
     330      312      148
     329      166      165
     182      181      344
     298      132      113
     347      165      166
     187      350      188
     350      169      351
     314      149      313
     128      109      294
     313      149      331
     168      149      332
     313      130      314
     333      150      315
      75       94      261
     170      334      352
     280      298      113
      75       74      243
     126      107      292
     279       94      113
     225       36       37
     280       94      262
      75      261       74
     226      208       38
      71      240      258
      88      274      273
     257       89      256
     257       90       89
     240       52      222
     275      108      274
      90      109      275
     314      296      131
     199       10       29
     199        9       10
      10       11      200
      51      239      238
     219       50       49
     204       34      222
     240       53       72
     206       36      224
      35      206      224
      54      241       53
     244      226       57
     244       75       56
      16      206      205
      17      207      206
     226       37      208
      56      243       55
     191        1        2
     192       21        2
       3      192        2
     229       42      230
     229      230       61
     191       20        1
      21      192       22
     191      209       20
     209      227       39
     191       21      209
     191        2       21
      21       40      209
      41      211      229
      22      211      210
      24      194        5
      22      193      211
     193        4      194
      23      212      211
     211      212       42
      42      212       43
      23      193      194
      21       22      210
     192        3      193
     211      193       23
      22      192      193
     193        3        4
     195       24        5
      24       23      194
     194        4        5
     196       25        6
     250      232       64
     196        6        7
     195        5        6
     197      196        7
      26      214       25
       8      197        7
     215       45      214
     198       27        8
       9      198        8
       9      199       28
     216       28       47
     198        9       28
     197       26      196
     197       27       26
      27      215       26
     252       65      234
      27      216       46
      27      198      216
     199      217       28
      48      236       67
     196       26       25
      26      215      214
     232       63       44
     195        6       25
      25      213      195
     212       23       24
      42       43      230
      44       25      214
      24      213       43
      24      195      213
      81       62      249
      43      213      231
      45       44      214
     231      213       44
     231       63      249
     231       44       63
     215       46       45
      65      251      233
      45       46      233
     215       27       46
      47      234       46
     252       84       65
     252      234       66
      65       46      234
      47      235       66
      47      217       48
     122      287      103
      84      252       85
     253       85       66
     253       67       86
     235      253       66
     274       88       89
     123      104      289
      85      253       86
     251      250       64
      82       63      250
     287      121      102
     286      304      120
      84       83      251
     268       82       83
     269       84      270
     251       65       84
      78       79      264
      59      227       40
     247      265       79
     119      285      303
     248       80      247
     265      247       80
      82      267      249
     267      285      100
      41      229      228
     211       42      229
      62      248       61
     248      247       61
     230       62       61
      81       80      248
      43       62      230
     231      249       62
     209       39       20
     209       40      227
      39      227       58
      40      228       59
     210       41       40
     229      247       60
      40       41      228
     210      211       41
      60       59      228
      78      263      245
     246       60      247
     228      229       60
      78      246       79
      78       59      246
     263       77      245
      78      245       59
      77       58      245
     281       96      263
      97      263       78
      96       77      263
      98      282       97
     115       96      281
     265      264       79
     265       98      264
      99      283      265
     282      116       97
     137      319      301
      98      265      283
      80      266      265
     284      118       99
     265      266       99
      80       81      266
     283      117       98
     301      300      117
      98      117      282
     283      118      301
     302      118      284
     283       99      118
     266      100       99
     119      303      138
     299      115      281
     115      299      134
     300      282      117
     281      116      299
     281       97      116
     318      154      135
     135      116      300
     172      153      335
     116      135      299
     335      153      317
     318      135      300
     317      299      135
     337      336      155
     336      173      154
     135      154      317
     155      319      337
     174      173      336
     318      155      154
     337      174      336
     154      155      336
     318      136      155
     175      174      337
     176      175      338
     337      319      156
     156      338      337
     337      338      175
     156      157      338
     156      137      320
     319      136      301
     155      136      319
     318      300      136
     302      301      118
     136      300      301
     138      302      119
     137      301      302
     302      138      320
     321      158      339
     303      321      138
     323      140      305
     303      139      321
     303      285      120
     139      322      158
     139      304      322
     322      159      158
     322      140      159
     321      339      157
     158      159      340
     339      177      176
     339      158      177
     158      340      177
     179      342      180
     340      178      177
     340      159      341
     340      341      178
     159      323      160
     178      341      179
     343      342      161
     179      341      342
     342      343      180
     161      162      343
     160      323      141
     159      140      323
     324      160      141
     342      341      160
     306      324      141
     142      325      161
     308      143      307
     162      161      325
     123      306      288
     305      121      287
     142      306      307
     141      305      306
     104      123      288
     289      307      123
     306      142      324
     307      325      142
     284      119      302
     284      100      119
     286      120      101
     139      303      120
     140      304      305
     140      322      304
     102      121      286
     305      304      121
     119      100      285
     266       81      100
     268      101       82
     100       81      267
     267      101      285
     267       82      101
     268      102      101
     121      304      286
     103      287      102
     268       83      269
     270      103      269
     286      101      102
     269      103      102
     122      305      287
     104      103      270
     288      122      103
     271      104      270
     271      105      104
     104      105      289
      48       67      235
     271       86      272
     107      108      292
     273      274      107
     274      108      107
     106      273      107
      89      275      274
     275      109      108
     312      129      148
     108      109      293
     275       89       90
     258       91      276
     111      277      278
     312      128      294
     109      276      294
     292      310      126
     127      293      311
     292      127      310
     292      108      127
     293      128      311
     293      109      128
     348      166      330
     147      128      312
     105      124      289
     290      125      308
     144      326      308
     307      124      308
     308      125      309
     290      106      125
     106      291      125
     107      126      291
     307      143      325
     308      309      144
     143      326      162
     143      308      326
     327      144      309
     327      163      144
     309      145      327
     310      328      145
     181      343      344
     162      163      344
     326      144      163
     163      345      344
     164      345      163
     164      165      346
     345      183      182
     345      164      346
     346      184      183
     347      185      184
     346      347      184
     330      147      312
     347      166      185
     167      331      168
     185      166      348
     165      146      329
     345      346      183
     165      347      346
     311      329      146
     311      128      147
     329      147      166
     329      311      147
     331      167      148
     166      147      330
     186      167      349
     148      313      331
     167      168      349
     331      149      168
     314      332      149
     169      350      332
     151      333      315
     169      332      150
     330      167      348
     330      148      167
     348      186      185
     349      187      186
     349      168      350
     349      350      187
     168      332      350
     350      351      188
     169      333      170
     351      189      188
     351      170      189
     352      190      189
     171      334      152
     170      333      151
     169      150      333
     189      170      352
     351      169      170
     334      151      316
     352      171      190
     352      334      171
     314      315      150
     131      297      315
     132      151      315
     334      170      151
     334      316      152
     151      132      316
     316      133      152
     316      132      298
     148      129      313
     294      276      110
     129      295      313
      90      276      109
     296      314      130
     150      332      314
     314      131      315
     112      279      113
     111      110      277
     129      294      110
     296      130      111
     110      276       91
     313      295      130
     129      110      295
     296      111      278
     295      110      111
     297      112      113
     278       93      279
     296      112      131
     296      278      112
     280      114      298
     133      316      298
     315      297      132
     131      112      297
     133      298      114
     279       93       94
     259       92       91
      93      261       94
      56       55      225
      76      262      244
      95      280      262
      94      280      113
      95      114      280
      93      260      261
     241       73       72
      75      243       56
      74      242      243
     262       75      244
     262       94       75
      95      262       76
     257      239       71
     278      260       93
      53      222       34
      54      224      242
     278       92      260
      92      277       91
     241      242       73
      55      243      242
      73      259       72
     277      110       91
      72      259       91
     260       74      261
      73      260      259
     278      277       92
     259      260       92
      73      242      260
     105      271      272
     256       70      257
     272       87      273
      50      220       51
      88      256       89
      88       87      255
      71       90      257
     258      276       90
     272       86       87
     271       85       86
     106      272      273
     106      105      272
     273       87       88
      86       67      254
      88      255       69
     254       67      236
      49      237       68
      68       87      254
      68      254      236
      87       86      254
     255       68      237
     255       87       68
     256       88       69
      68      236       49
      53       34      223
      70      256      238
      50       69      237
     238      256       69
      70      239      257
      72       91      258
     238      239       70
     238       50       51
      90       71      258
     239       51       52
     203       33       32
     238       69       50
      31       32      220
     221       52       51
     220      221       51
      33      204      222
     239       52       71
     221       33       52
      29       48      217
     218      200       30
      29      218       48
     201       11       12
     218       30       49
      31      220       50
      49       50      237
     219       31       50
      29       10      200
      48      218       49
      29      200      218
      49       30      219
     200       11       30
      30      201      219
      30       11      201
     201       31      219
     201       12       31
     203      202       13
      32       31      202
     203       32      202
     221      220       32
      14      203       13
      14       15      204
      32       33      221
     203       14       33
      14      204       33
      15       34      204
      15      205       34
      15       16      205
      17      206       16
     241       72       53
      52       33      222
     258      240       72
      71       52      240
      54       53      223
     240      222       53
     224       54      223
     242      241       54
      35      224      223
      36      225      224
     226       56       37
      55      224      225
      37       56      225
     226      244       56
      76      244       57
      57      226       38
      34       35      223
     205      206       35
     207       36      206
      18      207       17
      18       37      207
      38      208       19
